160.659221
71.021788
73.066325
67.832958
67.987716
67.968129
70.335587
65.685946
70.346912
68.791538
114.295504
69.725804
114.956719
84.643992
85.637988
68.473695
103.105818
80.365002
117.783801
73.098566
114.175395
84.086950
100.768351
68.817561
103.440635
77.258291
118.211054
70.219611
144.856136
84.010316
130.324006
70.158784
106.750439
74.621034
100.832045
70.225800
123.497724
83.132742
126.930269
69.451001
111.699677
75.608427
134.898580
70.338118
105.642396
80.411011
88.659482
68.355145
146.952796
66.888070
67.816937
66.909598
140.673173
133.046163
139.351909
80.833961
134.706048
68.314040
133.741893
72.998290
76.347886
67.069004
68.818658
66.536307
144.103514
68.790188
140.106438
91.337446
135.353810
68.973343
145.061452
92.126597
104.509209
70.280767
73.655077
65.864836
71.356960
65.395901
67.063473
66.084936
68.392305
66.147281
139.252493
135.695869
139.211876
74.520260
75.775728
69.161866
74.295739
71.675692
74.533036
66.997058
78.017361
68.539789
137.208283
72.141951
101.380464
79.665043
80.985540
66.668050
72.049043
67.449744
81.211862
77.213596
133.104824
68.269227
70.636606
69.061519
76.073491
67.348834
69.707599
67.501057
68.961439
68.129295
68.435938
67.916949
69.160081
66.388554
131.239749
67.291197
70.472207
67.020044
67.311776
65.816174
74.023348
66.223666
75.741605
65.733275
65.854721
65.774937
74.466451
72.360889
78.240137
69.296325
72.394125
71.941702
73.800968
69.006319
84.031308
69.642705
126.666607
67.742986
137.443962
75.858847
88.073856
68.372771
70.838831
68.857265
106.109563
68.919108
116.511294
70.285872
90.721233
69.200823
113.619542
80.737868
125.873258
71.712826
100.850867
77.594105
116.151657
69.980688
107.025110
82.818619
86.247012
68.263444
113.943520
81.057663
115.390414
69.447727
100.823160
73.436731
93.168966
69.084963
120.129846
81.242735
93.105809
67.832833
111.678730
82.026722
119.128657
69.651015
105.217078
72.025831
98.284526
69.537019
138.411931
136.788019
142.201581
69.331786
71.645453
69.870355
71.408480
69.436869
69.848312
69.120387
70.536527
69.729426
72.321928
66.859727
128.669203
69.772209
102.056869
75.643996
115.303047
71.322183
105.658629
86.778267
113.877302
69.872664
120.796674
79.635460
79.954846
69.042609
112.286318
82.599897
138.654565
69.753366
114.390753
68.290638
114.036068
79.799484
117.779444
69.894590
99.743753
68.266857
105.566491
80.522414
123.860628
73.047545
102.735281
75.599464
92.875741
69.224760
157.252495
67.805879
69.282385
68.719875
139.833012
133.074823
133.177035
80.867676
119.963242
68.665869
157.684949
77.210559
93.280493
68.156111
124.478954
67.281130
153.051902
82.388896
122.231832
71.639865
153.067925
99.224563
108.286583
68.733218
69.095829
66.046041
66.297402
65.694625
66.190714
65.381962
65.884193
65.554610
67.899341
66.807540
71.549353
67.995173
141.343109
137.952680
144.448802
69.747196
71.176414
68.547452
74.862582
66.583046
82.459583
67.506239
74.944012
68.804473
129.366048
71.625134
98.852195
80.029908
84.939578
71.320578
71.401479
67.075801
70.326700
69.989404
82.123290
71.466109
143.448491
69.339127
72.389447
70.468291
74.956877
66.843809
75.100726
67.669054
70.288107
65.721623
69.306797
65.877001
66.462162
66.328353
71.082784
66.493911
141.466514
72.814647
84.603731
68.164310
70.341943
66.220912
73.129775
65.488499
66.285053
65.515407
66.062872
65.603358
82.381135
69.151259
73.435250
69.644402
95.144634
68.528836
127.599074
67.320248
157.300288
137.843346
141.486972
114.231888
118.174041
115.745655
117.013109
110.076772
119.650701
117.868849
125.198701
119.157462
124.216737
83.717033
83.970966
71.821516
78.661338
68.303601
118.609128
69.824635
118.944691
76.909549
110.058148
87.810119
113.466619
91.030528
107.491477
77.439133
77.992270
74.542721
76.374694
75.026747
87.202423
75.537104
80.258903
72.684548
74.270323
72.291328
102.783664
86.285622
105.905876
102.943953
110.484219
109.923459
114.044976
112.977254
118.083613
117.622284
118.150873
113.916780
116.154213
107.741453
109.571807
80.925934
92.442082
76.864095
78.121050
75.393154
77.246067
68.839209
78.185826
68.163835
70.096022
69.767611
71.922269
70.921251
123.780983
99.792049
120.042654
109.632716
113.105450
106.033038
108.801576
104.637005
108.034180
78.712517
90.506441
75.109724
81.260837
71.128296
72.431873
70.860354
73.131067
69.713318
134.077479
103.412765
115.389359
73.388492
74.872050
67.233607
69.052863
66.299981
86.944596
70.106547
76.841142
69.195046
70.106503
66.724723
67.405360
67.100524
67.984036
67.016590
68.649910
66.857399
68.776457
67.949319
68.964613
67.117729
68.103171
65.629902
147.748118
133.841212
135.140135
80.887084
82.743457
70.558204
72.060497
71.183504
71.794982
71.243603
99.404607
70.355260
71.064084
70.308745
71.273904
69.324833
69.955433
67.601466
68.585141
67.894779
67.995632
66.999857
68.730557
67.296388
68.284944
65.324003
71.643597
66.040242
68.232216
67.474778
70.199526
66.544994
68.253984
65.752301
68.325527
68.246636
70.594434
70.250908
136.992159
136.005177
149.341077
65.940973
69.985916
66.139341
73.168142
66.626919
68.406612
66.197804
69.557814
65.864563
69.245589
65.755483
66.441886
65.611045
70.603933
65.697764
66.756132
65.432247
65.632330
65.568356
87.182139
69.544152
71.591484
71.235276
74.019999
69.840406
71.246119
68.204551
69.581485
69.042281
70.766432
66.231829
66.457783
65.425247
87.726776
79.106605
115.769024
68.860783
160.028309
143.559029
144.844265
70.621853
85.601561
72.543702
73.573146
69.717997
69.994181
66.468141
118.238423
72.190587
85.318217
67.358118
146.521859
136.396281
158.307328
120.228656
126.076911
81.390549
112.666489
65.604238
153.484817
139.118991
157.829632
129.918634
131.874162
80.083739
120.263775
65.376561
152.488854
134.297918
159.393482
120.359380
121.385707
80.439066
114.731840
65.559371
146.459145
133.110615
159.671441
81.761922
122.427148
72.450569
74.708606
71.730690
72.667377
67.162466
67.747786
66.830966
72.105355
65.257670
66.829791
66.386080
70.019147
65.170285
70.244568
69.281346
101.391692
70.397734
97.936196
66.532381
76.014323
71.146041
79.403483
66.868521
101.875890
80.463654
81.851665
72.399414
84.873898
82.296523
87.433402
77.191082
77.268177
69.859344
78.832646
70.243506
79.044163
66.415036
113.660350
82.769179
87.587073
74.594844
76.924342
72.572710
76.593977
69.767416
74.113389
72.691769
83.013624
68.773614
72.520205
71.493826
75.021057
68.182326
76.054239
69.420148
79.049138
77.991873
83.284791
73.420288
77.034761
68.830608
71.357400
70.148448
80.016221
72.186220
76.463616
69.606276
79.674316
72.562990
103.117289
67.827524
73.903332
68.724429
73.935679
72.868049
77.458839
67.320935
69.894925
66.202226
107.512143
82.880249
89.403221
71.461247
74.933171
67.276166
72.352168
67.337525
74.503088
72.202988
73.572387
69.871953
70.800166
68.352787
69.756612
66.553555
70.654552
69.399688
70.925722
69.636719
69.686036
66.457560
69.280530
65.697192
68.771733
66.144003
75.172850
67.940256
70.837924
66.734427
66.905887
66.165337
69.174771
68.709979
74.566090
69.621507
73.270446
67.058285
73.366411
66.551108
81.343858
68.986163
81.052533
70.318616
73.141094
66.571892
70.176927
66.716302
71.427099
68.307919
90.589809
67.464882
68.886346
66.183930
79.236024
71.400167
122.562505
71.738802
72.383386
68.496034
70.304363
68.210909
72.807722
68.096287
76.539455
66.417223
67.586141
65.531414
67.198557
66.380379
70.411233
65.969976
71.804960
67.081694
70.096841
68.178016
71.814935
67.778268
68.482550
65.636454
82.914310
67.571610
70.464543
67.873985
69.557875
67.314978
68.908952
67.209052
89.015642
87.558600
88.992388
88.647384
90.452165
72.808029
73.310035
69.150318
69.975054
67.335987
69.488729
67.385029
69.296097
67.703369
70.859483
66.556678
67.143509
66.688247
72.238012
70.582099
85.432149
67.379669
71.069560
70.500087
71.229257
65.770496
70.658304
70.109903
89.984983
87.921358
89.044274
77.395505
78.913426
69.058462
71.426576
65.742664
65.989871
65.844242
80.094935
68.173919
72.538142
69.651547
73.095068
65.803129
77.079793
71.529405
72.644779
71.286172
74.196114
67.199499
76.654641
73.929224
75.679478
67.172637
70.220393
69.486255
78.826152
68.470590
69.132629
65.853705
71.385174
70.669367
72.763971
71.280953
71.572272
68.005119
70.443785
66.060472
73.161791
66.455882
71.191449
71.125209
81.283928
69.180493
72.550785
72.308504
75.563983
72.098004
73.027007
71.539022
79.541419
67.644491
69.304062
67.421176
72.489155
66.308965
123.291653
71.596611
72.775055
70.857245
72.787488
66.341716
75.442146
68.461448
77.841540
66.286675
75.160337
66.930091
69.111035
66.358619
71.856224
68.607768
77.175502
67.093677
70.822127
67.764610
68.971084
66.762884
70.758915
65.972277
72.712783
66.382228
69.368553
66.880935
68.417689
66.187207
75.195942
66.460500
74.174318
66.337906
72.134385
71.339440
71.557725
67.759706
68.223987
67.241421
70.495136
67.163356
69.681302
67.614543
70.382819
65.821083
71.327352
69.005316
72.172166
67.086263
68.571039
66.552362
71.066375
69.173659
71.375772
68.559027
78.160179
69.349259
70.257956
69.863306
72.293899
72.069492
77.812859
70.952093
76.687165
67.811026
73.575602
65.553891
70.339888
66.159529
70.599068
69.835950
74.103860
67.873838
93.321796
67.489790
71.846560
71.259653
71.656315
69.449248
70.180715
69.579191
73.156153
69.849720
73.407044
72.588454
73.867571
67.178756
69.553179
69.455821
74.161558
66.479611
67.885175
66.195345
71.946232
68.545886
80.160337
78.838280
79.934927
67.219226
69.805276
68.780362
72.424220
66.202111
72.697627
67.631504
71.554325
67.316967
77.083944
75.201881
80.326229
77.771387
80.934733
69.107221
69.241420
68.964329
70.523485
70.074302
72.900358
70.194264
72.973799
72.681773
74.892950
74.556105
74.984819
74.808092
105.519921
77.017997
80.445826
77.193809
80.276493
65.486361
127.898361
124.082155
128.414136
71.435480
75.379053
74.609648
76.853414
75.365230
82.887306
77.620712
78.058395
75.207257
77.381527
75.669228
76.718237
68.025023
71.371326
65.577577
67.339650
65.282938
75.353615
66.621359
73.398754
72.656644
74.976048
73.955583
74.808349
72.060094
74.229954
73.164876
87.866149
84.519684
85.929830
68.441286
73.475515
67.978038
72.094844
66.804058
71.334762
68.680734
71.428825
66.925129
74.972503
71.866939
89.202798
69.039000
75.556954
71.267182
73.814792
70.470491
78.855889
69.824220
86.383722
69.155279
75.460434
69.546487
71.148906
66.125249
75.701882
68.613035
69.951880
67.008883
69.375210
68.205718
68.670652
67.286674
71.662495
66.107983
72.276572
69.099461
69.190045
67.547719
87.756582
68.729559
69.106326
66.396956
71.887708
67.061470
74.361016
67.309645
69.014891
66.662315
76.526811
69.288203
71.279246
68.236925
70.191883
66.779525
68.461307
66.340223
73.997251
70.951487
71.030569
70.784075
112.661446
66.736094
72.944225
68.389087
76.143816
66.330408
68.045500
66.057820
107.246046
104.685814
106.593630
96.667505
99.733863
69.265753
72.287900
69.016198
77.087914
76.818136
77.354265
72.865654
73.169998
65.623349
71.212737
67.649035
72.142763
70.073048
77.006866
76.410401
80.043385
78.151902
80.969044
79.932294
79.951903
65.909798
140.526610
130.421520
130.557491
76.353468
79.797304
78.781067
84.087261
68.066794
75.614718
68.535580
74.031845
67.271536
72.298840
68.204460
69.584197
66.377716
70.294278
68.470156
77.417862
69.049519
74.011353
68.494523
71.991876
68.799123
93.528579
66.258712
72.780023
65.302294
72.394463
65.465210
70.702138
65.274705
70.390114
65.361545
71.516783
65.303367
65.475222
65.237603
69.902786
65.514125
66.250807
65.687395
67.765482
65.364033
68.061351
65.287881
67.833825
65.233599
66.558647
66.405402
66.963172
65.350314
65.600706
65.506018
65.640709
65.487581
65.624594
65.089847
79.610835
69.585776
73.342621
65.648772
70.465499
65.845053
79.594529
65.245552
67.537178
67.215362
75.593158
65.307660
67.617578
66.292529
78.624166
74.210658
78.726368
71.336669
73.407957
67.694833
71.436570
68.854599
70.510060
67.756229
92.891333
90.466062
92.346960
74.350928
77.831886
67.797125
74.771667
68.541586
77.673873
66.944406
68.029707
66.709505
74.145055
73.702517
148.508098
91.509302
132.987342
76.264626
78.598968
69.938682
71.958237
66.972721
123.222726
74.019858
80.047085
79.132656
80.384912
70.928618
81.907605
79.222536
120.191665
110.731670
114.660217
79.003593
81.354033
69.424711
120.804556
119.842202
120.208211
79.123049
79.429672
75.641012
78.818474
70.104572
77.775995
74.290653
93.610971
69.079532
102.982321
96.776199
125.407738
77.333599
126.730549
77.668420
78.299171
75.334350
90.818311
88.610395
92.447567
77.069676
80.974628
69.647231
74.338227
73.611281
85.192034
68.036823
70.955263
66.698043
68.815145
66.650263
89.433254
68.202449
77.030735
67.430471
79.679803
69.491490
78.976708
67.343463
89.015721
73.935166
87.421990
69.106475
85.674837
68.706392
109.141209
71.604932
75.859232
73.331816
90.489362
67.475485
81.131037
68.422218
91.534913
80.209327
88.608192
79.662776
116.295282
79.500388
86.857856
72.575098
108.564898
100.824806
103.170911
74.165093
83.150830
80.174332
133.689703
83.548012
90.642300
70.913500
110.546507
81.017527
99.431675
81.973340
109.346162
109.051412
112.853794
102.205539
102.765149
81.885002
92.125471
76.654862
94.337739
79.838245
106.195927
81.539872
93.157610
73.098462
104.711583
90.172768
117.819505
82.613294
88.378984
75.341868
77.719488
73.485281
141.067615
81.226319
84.421955
82.093821
83.452439
73.189751
150.349401
77.262611
80.083862
78.322858
82.901795
81.456170
108.681225
108.670457
113.542187
79.571053
80.384747
79.572519
83.130514
70.120012
131.707660
80.097581
82.541292
69.600702
72.517471
67.891669
79.257952
75.609858
89.123192
85.385853
86.782456
67.272109
80.067718
70.201471
72.905456
67.736438
75.634276
70.795787
76.087156
75.908137
77.788609
71.061709
78.091298
70.576510
77.746909
76.063661
81.276994
68.855891
77.492034
74.351827
79.548828
78.344731
78.545574
77.978351
84.570107
74.730661
78.341273
76.146827
101.317125
75.020175
123.931194
83.865501
86.671652
75.910355
76.234275
75.665507
79.106259
73.522691
74.543484
68.073378
84.079834
73.229195
91.825105
78.877726
81.419022
79.070059
124.113547
80.716060
86.091636
75.086362
77.356917
74.025738
78.163448
70.945784
75.675697
71.472444
84.177192
71.520205
74.429555
68.569951
78.902477
75.635985
112.608092
75.395429
89.101538
73.959484
86.834613
70.065265
72.043691
68.738461
72.361977
71.132269
71.907089
65.443057
150.181970
137.515603
154.110744
124.814178
130.349542
80.569877
120.216672
65.558811
142.859694
137.443655
159.260787
116.001877
122.395983
80.205344
107.206909
65.568772
156.362656
136.236880
160.300542
80.338791
81.495512
80.199734
87.096724
86.775302
118.305963
65.595892
151.585690
120.305582
125.085831
78.605794
113.533502
71.237381
87.290142
67.143943
155.788782
144.238380
145.173870
119.919813
120.602936
78.363107
79.991385
78.929579
105.230990
65.544063
150.062831
132.676573
157.264381
122.655325
124.172798
78.973535
81.214969
80.126104
102.748622
65.548761
148.115958
138.660509
160.492795
115.581023
121.505463
80.360627
80.986849
78.794287
82.174019
81.938478
100.881562
65.590446
147.351265
141.052710
157.144252
119.688953
125.122873
78.144354
118.295627
70.955962
133.248477
71.331411
98.440913
67.693960
99.953841
79.737788
108.290133
67.504134
157.519962
73.478121
145.433242
125.852985
133.245368
123.817382
127.766849
121.478013
121.827114
117.592872
119.500636
81.402374
81.883113
75.151809
75.619677
74.755556
77.017898
75.528996
132.195183
127.741603
127.773993
115.533185
118.930726
112.803620
115.425526
111.587783
113.458791
109.132726
112.852766
75.279640
77.403260
74.809748
75.444127
74.271769
136.946067
120.168616
123.983172
114.134676
114.399714
111.021074
112.686039
111.129991
113.293819
107.940513
109.718936
78.489420
80.368624
75.293531
75.642088
75.012923
75.161350
73.803648
74.479246
73.666511
126.097540
119.088543
121.976251
116.630142
119.118219
115.033773
115.440013
110.322264
110.448528
109.157395
109.466450
75.214203
75.373159
73.464522
129.063189
116.534967
118.959850
114.778453
118.052176
109.115282
112.882145
108.119240
109.507414
73.904973
74.795166
73.456805
73.508653
73.418516
128.769176
116.989375
121.484360
117.304239
117.978332
112.139641
115.677573
109.824315
113.412512
76.632062
77.690400
74.537981
75.228065
73.858841
74.225438
73.396588
74.978274
74.360214
129.170171
117.382973
122.967088
115.506026
118.264156
111.699389
114.004052
110.779492
114.415694
112.776270
112.889292
76.212055
77.161382
74.136579
74.193096
73.502296
74.532395
74.147614
129.234470
117.717664
124.476121
115.734608
119.469322
114.270764
117.807000
110.209654
114.345434
65.000000
156.654077
139.836943
148.202722
121.819125
122.301072
80.343756
104.096394
65.561165
142.517786
129.448658
153.426041
121.557915
126.406568
80.634337
104.669658
102.155523
105.833738
65.607115
150.688728
119.266349
120.670859
80.502348
107.468138
65.560232
145.928922
137.134351
153.458234
114.658546
115.445197
80.739488
105.144186
73.262592
119.444860
72.990940
81.190722
69.778688
87.528634
76.787840
80.875769
69.497148
74.063981
65.431592
68.579729
68.074799
68.410267
67.033078
68.999463
66.707601
101.069236
83.074101
99.841868
68.258541
118.527834
72.436817
76.907070
67.257394
71.325897
67.413657
121.102580
68.066252
98.945395
82.486824
85.584249
67.835625
100.383876
80.465846
139.103735
70.003558
115.113672
74.900276
81.085160
69.069934
101.834827
85.404105
116.599330
70.215585
108.031223
76.578532
114.535682
72.958616
102.341423
84.457213
85.218987
68.423045
108.093319
80.832646
128.621448
69.328273
102.519688
74.722117
127.415303
71.809239
101.235996
68.193092
160.659221
