298.448123
328.303359
334.698689
336.122593
336.573159
336.711677
336.820378
336.878147
336.908031
330.219797
318.636261
308.086230
301.753450
299.572880
298.798831
298.555930
298.392351
298.276090
298.221346
298.172521
311.288124
328.919038
334.341152
335.939621
336.451716
336.679232
336.775401
336.871569
334.048626
330.229582
325.044505
315.290799
305.550553
301.532699
299.775833
298.891760
298.492847
299.727837
301.228931
302.730025
309.136910
322.678904
332.065583
334.928379
336.548178
336.569432
336.779245
336.825675
336.872134
336.714041
324.360550
306.153307
300.825592
299.349785
298.679101
298.386292
298.315552
298.244813
299.361872
301.617299
311.514774
